Hash Table Stats
================
Number of Entries: 22690
Number of Buckets: 32768
Histogram of Probes: [14768, 3467, 1529, 820, 475, 330, 216, 172, 120, 101, 87, 69, 58, 56, 39, 28, 23, 23, 16, 20, 13, 18, 11, 22, 6, 14, 8, 6, 5, 4, 13, 5, 8, 4, 10, 4, 3, 4, 1, 2, 2, 3, 1, 4, 1, 3, 1, 0, 0, 0, 4, 4, 5, 2, 4, 3, 4, 1, 2, 1, 6, 2, 2, 2, 0, 1, 1, 1, 1, 1, 0, 0, 1, 0, 1, 0, 0, 0, 0, 1, 0, 1, 0, 0, 0, 0, 1, 0, 2, 0, 0, 0, 0, 1, 1, 0, 0, 0, 1, 1, 0, 1, 1, 0, 1, 0, 3, 1, 0, 0, 0, 0, 0, 0, 0, 0, 1, 0, 2, 0, 0, 0, 0, 0, 0, 0, 0, 2, 0, 0, 0, 0, 0, 0, 0, 0, 0, 1, 1, 0, 0, 0, 0, 0, 0, 0, 1, 1, 0, 1, 0, 1, 0, 0, 0, 0, 0, 0, 0, 1, 1, 0, 0, 0, 0, 0, 0, 0, 1, 0, 0, 1, 0, 1, 0, 0, 0, 1, 0, 0, 0, 0, 0, 0, 0, 0, 0, 0, 0, 0, 0, 0, 1, 0, 0, 0, 1, 0, 0, 0, 0, 0, 0, 0, 0, 0, 0, 0, 0, 0, 0, 0, 0, 1, 1, 1, 0, 0, 0, 0, 0, 0, 0, 0, 0, 0, 0, 0, 0, 0, 0, 1, 0, 0, 0, 0, 0, 1, 0, 0, 0, 0, 1, 0, 0, 0, 0, 0, 0, 0, 0, 0, 0, 0, 0, 0, 1, 0, 0, 0, 0, 0, 0, 1, 1, 0, 0, 0, 0, 0, 0, 0, 0, 0, 0, 0, 0, 0, 0, 0, 1, 0, 1, 0, 0, 0, 0, 0, 0, 0, 0, 0, 0, 0, 0, 0, 1, 0, 0, 0, 0, 0, 0, 0, 0, 0, 0, 0, 0, 0, 1]
Fill Percentage: 69.244385%
Max Linear Prob: 311
Average Linear Prob: 2.666549

Uncompressed file size: 3291642 bytes
Compressed file size: 1028163 bytes
Compression ratio: 31%
Running Time: 1009 milliseconds
